21
0 2124 3876 6354 4630 2036 5381 4108 1450 2532 4448 3649 5447 1345 7406 2572 6881 2355 4725 4488 3086
2124 0 4520 5000 3276 1454 4027 4752 2094 1178 3094 4293 4093 1537 6052 3216 5527 2999 5369 5132 1732
3876 4520 0 8750 7026 4432 7777 994 3450 4928 6844 2005 7843 3741 9802 2726 9277 3381 1611 1374 5482
6354 5000 8750 0 3588 5684 1205 8982 6324 3946 2674 8523 2019 5767 1436 7446 911 7229 9599 9362 3462
4630 3276 7026 3588 0 3960 2615 7258 4600 2222 1682 6799 2681 4043 4640 5722 4115 5505 7875 7638 1738
2036 1454 4432 5684 3960 0 4711 4664 2006 1862 3778 4205 4777 1449 6736 3128 6211 2911 5281 5044 2416
5381 4027 7777 1205 2615 4711 0 8009 5351 2973 1701 7550 1046 4794 2257 6473 1732 6256 8626 8389 2489
4108 4752 994 8982 7258 4664 8009 0 3682 5160 7076 2237 8075 3973 10034 2958 9509 3613 1735 1498 5714
1450 2094 3450 6324 4600 2006 5351 3682 0 2502 4418 3223 5417 1315 7376 2146 6851 1929 4299 4062 3056
2532 1178 4928 3946 2222 1862 2973 5160 2502 0 2040 4701 3039 1945 4998 3624 4473 3407 5777 5540 678
4448 3094 6844 2674 1682 3778 1701 7076 4418 2040 0 6617 1767 3861 3726 5540 3201 5323 7693 7456 1556
3649 4293 2005 8523 6799 4205 7550 2237 3223 4701 6617 0 7616 3514 9575 2499 9050 3154 2854 2617 5255
5447 4093 7843 2019 2681 4777 1046 8075 5417 3039 1767 7616 0 4860 3071 6539 2546 6322 8692 8455 2555
1345 1537 3741 5767 4043 1449 4794 3973 1315 1945 3861 3514 4860 0 6819 2437 6294 2220 4590 4353 2499
7406 6052 9802 1436 4640 6736 2257 10034 7376 4998 3726 9575 3071 6819 0 8498 701 8281 10651 10414 4514
2572 3216 2726 7446 5722 3128 6473 2958 2146 3624 5540 2499 6539 2437 8498 0 7973 2077 3575 3338 4178
6881 5527 9277 911 4115 6211 1732 9509 6851 4473 3201 9050 2546 6294 701 7973 0 7756 10126 9889 3989
2355 2999 3381 7229 5505 2911 6256 3613 1929 3407 5323 3154 6322 2220 8281 2077 7756 0 4230 3993 3961
4725 5369 1611 9599 7875 5281 8626 1735 4299 5777 7693 2854 8692 4590 10651 3575 10126 4230 0 899 6331
4488 5132 1374 9362 7638 5044 8389 1498 4062 5540 7456 2617 8455 4353 10414 3338 9889 3993 899 0 6094
3086 1732 5482 3462 1738 2416 2489 5714 3056 678 1556 5255 2555 2499 4514 4178 3989 3961 6331 6094 0
